#WORLD: Dropper
13 0 0 0 0 0 0 0 0 0 0 0 0 0 0 0
2 2 3 0 0 0 0 0 7 9 0 0 0 0 0 0
1 1 6 0 0 0 0 0 0 0 0 0 0 0 0 0
1 1 6 12 12 12 0 0 12 12 12 12 12 12 0 12
1 1 6 0 0 0 0 0 0 0 0 0 0 0 0 0
1 1 6 12 12 12 12 0 0 12 12 12 12 0 0 12
1 1 6 0 0 0 0 0 0 0 0 0 0 0 0 0
1 1 6 0 0 0 0 0 0 0 0 0 0 0 0 0
1 1 6 12 12 12 0 0 12 12 12 12 0 0 12 12
1 1 6 0 11 0 0 11 11 0 0 11 0 0 11 11
1 1 6 0 0 0 0 0 0 0 0 0 0 0 0 0
1 1 6 12 12 12 12 0 0 0 12 12 0 0 12 12
1 1 6 0 0 0 0 0 0 0 0 0 0 0 0 15
1 1 6 0 0 0 0 0 0 0 0 0 0 0 0 0
1 1 1 2 2 2 2 2 2 2 2 2 2 2 2 2
===
#WORLD: caveman
13 0 0 0 0 0 0 0 0 0 0 0 0 0 0 13
13 15 0 0 0 11 0 0 0 11 11 0 0 0 0 13
2 2 2 2 2 2 2 2 2 2 2 2 2 0 0 2
1 1 1 1 1 6 0 0 0 14 1 1 1 0 0 1
1 1 1 6 0 0 0 0 0 0 14 1 1 0 0 1
0 0 0 0 0 0 0 12 0 0 14 1 1 0 7 1
0 0 0 0 0 0 14 14 0 0 14 1 1 0 0 1
1 0 1 1 1 1 14 14 0 0 14 1 1 0 0 1
1 0 11 1 1 14 0 0 0 12 14 1 1 9 0 1
0 0 0 1 1 0 0 1 1 1 1 1 1 0 0 1
0 0 1 1 0 0 1 1 0 0 0 0 1 0 0 1
1 0 1 1 0 1 1 0 0 0 0 0 0 0 1 1
1 0 0 1 0 0 0 0 0 11 0 0 0 0 1 1
1 0 0 1 1 0 0 0 1 1 1 0 0 0 1 1
1 12 1 1 1 12 1 12 1 12 12 12 1 12 1 1
===
#WORLD: mungy
13 13 0 0 0 0 0 0 0 0 0 0 0 0 13 13
13 0 0 0 0 0 0 0 0 0 0 0 0 0 0 13
13 0 0 0 0 0 0 0 0 0 0 0 0 0 0 13
13 0 0 0 0 0 0 5 5 5 5 0 0 0 0 13
13 0 0 0 0 0 5 0 0 0 0 5 0 0 0 13
8 9 0 0 0 5 0 0 0 5 5 5 0 0 0 13
13 0 0 0 14 5 0 0 5 14 14 14 5 0 0 13
13 0 0 14 14 5 0 0 0 5 5 5 0 0 0 13
8 9 0 14 14 5 0 0 0 0 0 5 0 0 0 13
13 0 0 14 14 5 0 0 0 0 0 5 0 0 0 13
13 0 0 14 14 5 0 0 0 0 0 5 0 0 0 13
8 9 0 0 0 5 0 0 0 0 0 5 0 0 0 13
13 0 0 0 0 5 0 0 0 0 0 5 0 0 0 13
13 0 0 0 0 5 0 0 5 0 0 5 15 0 0 13
13 7 9 0 0 0 5 5 0 5 5 0 7 8 9 13
===
#WORLD: floop
1 14 1 14 1 14 1 14 1 14 1 14 1 14 1 14
1 1 1 1 6 0 0 0 0 0 0 0 0 0 1 1
1 1 1 6 0 0 0 0 0 5 0 1 1 0 1 1
1 0 0 0 0 0 0 0 0 0 0 1 1 0 1 1
1 0 1 1 1 6 0 5 0 0 0 1 1 0 1 1
1 0 0 1 1 6 0 0 0 0 0 1 1 0 1 1
1 6 0 1 1 6 0 0 0 0 0 1 1 0 0 15
1 0 0 1 1 6 0 0 0 0 0 1 1 1 1 1
1 0 1 1 1 6 0 0 5 0 0 0 0 0 0 1
1 0 0 0 0 0 0 0 1 0 0 0 5 0 0 1
1 1 1 0 0 5 0 0 1 0 5 0 1 1 0 1
1 1 1 0 0 1 0 0 1 0 1 0 1 0 0 1
1 1 1 0 0 1 0 0 1 0 1 0 1 0 1 1
1 0 0 0 0 0 0 0 0 0 0 0 0 0 1 1
1 1 1 1 1 1 1 1 1 1 1 1 1 1 1 1
===
#WORLD: leaf jump
0 0 0 0 0 0 0 0 0 0 0 0 0 0 0 0
0 0 0 0 0 0 0 0 0 0 0 0 0 0 15 0
11 0 0 0 0 0 0 0 0 0 0 0 0 0 0 0
0 0 0 0 11 0 0 0 0 0 0 0 0 11 0 0
0 0 0 7 0 0 0 0 8 0 0 0 8 11 11 0
0 0 0 11 0 0 0 0 0 0 0 0 0 0 0 0
0 0 11 0 0 0 0 0 0 0 0 0 0 0 0 0
9 0 0 0 0 0 0 0 0 0 0 0 0 0 0 0
0 0 0 0 0 11 0 0 11 11 11 0 0 0 0 0
0 7 8 9 0 0 0 8 0 0 0 8 0 0 0 7
0 0 0 0 0 0 0 0 0 0 0 0 0 0 0 0
0 0 0 0 0 0 0 0 0 0 0 0 0 0 0 0
0 0 0 0 0 0 0 0 0 0 0 0 0 0 7 9
0 0 0 0 0 11 11 11 11 0 0 11 11 11 11 11
4 4 4 4 4 4 4 4 4 4 4 4 4 4 4 4
===
#WORLD: poob
2 0 0 0 0 0 0 0 0 0 0 0 0 0 0 0
2 0 0 0 0 0 0 0 0 0 0 0 0 0 0 0
2 0 0 0 0 0 0 0 0 0 0 0 0 0 0 0
2 0 0 0 0 0 0 0 0 0 0 0 0 0 0 0
2 0 0 0 0 0 0 0 0 0 0 0 0 0 0 0
2 0 0 0 0 0 0 0 0 0 0 0 0 0 0 0
2 0 0 0 0 0 0 0 0 0 0 0 0 0 0 0
2 0 0 0 0 0 0 0 0 0 0 0 0 0 0 0
2 0 0 0 0 0 0 0 0 0 0 0 0 0 0 0
2 0 0 0 0 0 0 0 0 0 0 0 0 0 0 0
2 0 0 0 0 0 0 0 0 0 0 0 0 0 0 0
2 0 0 0 0 0 0 0 0 0 0 0 0 0 0 0
2 0 0 0 0 0 0 0 0 0 0 0 0 0 0 0
2 0 0 0 0 0 0 0 0 0 0 0 15 0 0 0
2 2 2 2 2 2 2 2 2 2 2 2 2 2 2 2
===
#WORLD: BUSH
10 10 10 10 10 10 10 10 10 10 10 10 10 10 10 10
10 10 10 10 10 10 10 10 10 10 10 10 10 10 10 10
10 10 10 10 10 10 10 10 10 10 10 10 10 10 10 10
10 10 10 10 10 10 10 10 10 10 10 10 10 10 10 10
10 10 10 10 10 10 10 10 10 10 10 10 10 10 10 10
10 10 10 10 10 10 10 10 10 10 10 10 10 10 10 10
10 10 10 0 0 0 0 0 0 0 0 0 0 0 0 10
10 10 10 0 10 10 10 12 10 12 10 10 10 10 0 10
10 10 10 0 10 10 10 10 10 10 10 10 10 10 0 10
10 0 0 0 10 0 0 0 0 0 10 10 10 10 0 10
10 0 10 10 10 0 10 10 10 0 10 10 10 0 0 10
10 0 0 0 10 0 0 0 10 0 0 10 10 0 10 10
10 0 10 0 10 10 10 0 10 0 0 0 0 0 10 10
10 0 0 0 0 0 10 0 10 10 10 10 10 10 10 10
10 10 10 10 10 10 10 15 10 10 10 10 10 10 10 10
===
#WORLD: hopz
14 14 14 14 14 14 14 14 14 14 14 14 14 14 14 14
14 0 0 0 0 0 0 0 0 0 0 0 0 0 14 14
14 0 0 0 0 0 0 0 0 0 0 0 0 0 14 14
14 0 0 0 0 0 0 0 0 0 0 0 0 0 14 14
14 0 0 0 0 0 5 0 0 1 0 0 0 0 14 14
14 0 0 0 0 0 5 0 0 0 0 0 0 0 14 14
14 0 1 0 0 0 1 1 0 0 0 0 0 1 14 14
14 0 0 0 0 0 0 0 0 0 0 0 0 0 14 14
14 0 0 0 0 0 0 0 0 11 0 0 0 0 14 14
14 0 0 0 1 0 0 0 0 0 0 0 0 0 14 14
14 0 0 0 0 0 0 0 0 0 0 0 0 0 0 14
14 0 0 0 0 0 0 0 0 0 0 0 0 0 0 0
14 1 0 0 0 0 0 0 0 0 0 0 0 0 0 15
14 0 0 0 0 0 0 0 0 0 0 0 11 0 14 14
14 14 1 14 14 14 14 14 14 14 14 14 14 14 14 14
===
